   -0.09934580
   -0.04848867
   -0.05637266
   -0.05007668
   -0.05856426
    0.01318881
   -0.03740800
   -0.03411937
    0.00639410
    0.02113965
   -0.03116716
   -0.02071009
    0.02018098
    0.10748785
   -0.23224707
   -0.02109447
   -0.03148985
   -0.03435866
   -0.03711856
    0.03271530
    0.03290082
    0.03252865
    0.02652339
    0.02766973
    0.03048350
    0.03004499
    0.03016677
    0.03071548
    0.03285834
    0.03415926
    0.03280473
    0.03015158
    0.03851745
    0.04183676
    0.04110863
    0.03751099
    0.03001578
    0.03066457
   -0.10040412
   -0.05118376
   -0.05812808
   -0.04998534
   -0.06118720
    0.01365378
   -0.03763242
   -0.03387018
    0.00575287
    0.02077056
   -0.03150219
   -0.02087549
    0.02020746
    0.10718625
   -0.23136938
   -0.02121697
   -0.03134067
   -0.03424874
   -0.03781902
    0.03296174
    0.03273909
    0.03342141
    0.02883092
    0.02813283
    0.03156888
    0.03160823
    0.02963186
    0.02945348
    0.03608296
    0.03615551
    0.03261426
    0.02975908
    0.03855984
    0.04135298
    0.04111481
    0.03598881
    0.02996510
    0.03337979
   -0.10043113
   -0.04991485
   -0.05812706
   -0.04883741
   -0.06087003
    0.01391311
   -0.03805125
   -0.03433941
    0.00598011
    0.02056620
   -0.03140787
   -0.02086891
    0.02042085
    0.10735844
   -0.23123510
   -0.02095768
   -0.03103272
   -0.03449587
   -0.03736850
    0.03325579
    0.03299968
    0.03321636
    0.02803133
    0.02705555
    0.03128006
    0.03155423
    0.02997841
    0.02884512
    0.03572181
    0.03608612
    0.03296345
    0.02929932
    0.03859017
    0.04158288
    0.04141464
    0.03597746
    0.02939797
    0.03311295
