 -1.0
 -0.19389658822930D+02  0.52063155745410D+01  0.79019795234538D+00 -0.36074297401107D-04  0.16591580337917D-03  0.33795963855420D-03
 -0.16524102251820D+02  0.53943374887179D+01  0.87748573112213D+00 -0.26395002013215D-04  0.16143420877942D-03  0.49574663945400D-04
 -0.15555316878610D+02  0.34393439334387D+01  0.27701322230583D+01  0.20453689987043D-04  0.38195164753596D-04 -0.10126609782108D-03
 -0.12702125555793D+02  0.29854977640908D+01  0.26771350642222D+01  0.54167989072603D-05 -0.59105226669161D-04 -0.89940274305101D-04
 -0.11658264412350D+02  0.93492752762213D+00  0.44285460330425D+01  0.20601045359492D-03  0.22341922873692D-03  0.12323948829465D-03
 -0.90116011845713D+01  0.56655254297655D+00  0.34377269099137D+01  0.51789211797951D-04  0.19215711586592D-03 -0.28101729535661D-03
 -0.85249539931980D+01 -0.10641677087506D+01  0.14153776162627D+01  0.87058732022444D-04  0.59152135812134D-04 -0.16561135094771D-03
 -0.60866285534916D+01 -0.13472077708146D+01  0.43590164973770D+00  0.60293229330747D-04 -0.12200630102889D-03 -0.18060472915670D-03
 -0.40235928204305D+01 -0.20880638675711D+00  0.16543683710958D+01  0.69493909869664D-04 -0.14883449390363D-03 -0.17110239350704D-03
 -0.14493006124382D+01 -0.28157659836053D+00  0.60306015078109D+00  0.16903510006704D-03  0.15596030131821D-03  0.48572093629882D-04
  0.58898995209225D+00 -0.64095359824977D+00  0.22661558536951D+01 -0.14652737281372D-04 -0.24048525591190D-03  0.19065605823266D-03
  0.30890392233108D+01 -0.88404856704592D+00  0.14402477283490D+01 -0.35184502523263D-04 -0.47645422906012D-03  0.19655512961384D-03
  0.33586452614734D+01 -0.91126079652486D+00 -0.11854685045679D+01 -0.25134057611550D-03 -0.10151552759897D-03  0.16899418695753D-03
  0.58756478271808D+01 -0.14211115218926D+01 -0.20473602299632D+01 -0.17660492005820D-03  0.13237743209771D-03  0.24729450836902D-03
  0.79013285437536D+01 -0.20631281359201D+01 -0.25907937209903D+01 -0.28372144148820D-03  0.17606910294851D-03 -0.21214443354974D-03
  0.13862012572845D+01 -0.52246475500272D+00 -0.28960670404022D+01 -0.12388281863703D-03 -0.97640546982040D-05  0.42388355588610D-04
 -0.11066292851113D+01 -0.36549474136375D+00 -0.20285185952816D+01 -0.12791769441949D-03  0.10196938023946D-03  0.10899393895908D-04
 -0.44523847663721D+01  0.15758991516506D+01  0.35694672861127D+01  0.25655383946941D-03 -0.32849317912341D-03  0.39411062167179D-04
 -0.69270171941358D+01  0.18275131625828D+01  0.44626871906433D+01  0.22567642577356D-03 -0.26789415517433D-03 -0.62855000046097D-04
 -0.19982729306108D+02  0.57440591760332D+01  0.26976667456480D+01 -0.56212363806952D-03  0.18501866420408D-03  0.17231503395479D-03
 -0.19804851619862D+02  0.32462957379310D+01  0.27663360271805D+00 -0.52870127929479D-03  0.29305071560291D-03  0.24021186473448D-03
 -0.20245422807847D+02  0.63820540568928D+01 -0.68107482073699D+00  0.76835340822643D-03  0.25744862016676D-03 -0.68316334599755D-04
 -0.15507317434100D+02  0.54291682386139D+01 -0.92703603799522D+00 -0.23186937493352D-03  0.50143732720106D-03 -0.61589626198378D-04
 -0.15963813718945D+02  0.71857555521525D+01  0.17539930268942D+01 -0.65157901062073D-04  0.65269301782189D-04  0.27231982446838D-03
 -0.16269746425033D+02  0.15356303333553D+01  0.23680734839200D+01  0.57676252372876D-04 -0.87084782246678D-05  0.53264755687974D-04
 -0.16059501745226D+02  0.36870337847320D+01  0.47652867068278D+01 -0.39881970830465D-03 -0.70998281842389D-03 -0.10671432676383D-03
 -0.11933972464660D+02  0.47744589447714D+01  0.33914889609935D+01  0.37358377831694D-03 -0.30403334297672D-03  0.13465833328093D-03
 -0.11906272928315D+02  0.25566680884846D+01  0.81073153900167D+00  0.34917589065206D-03  0.60345933619240D-04  0.27576813996954D-04
 -0.12558105689360D+02 -0.93347857651059D+00  0.44468415145529D+01  0.56481146037983D-03  0.50273168165966D-04  0.30454541332589D-03
 -0.11581473697247D+02  0.17605592254030D+01  0.63294434122185D+01  0.20394401387010D-03  0.21849786674942D-03  0.12546085207613D-03
 -0.10132174254884D+02 -0.18863718834490D+01  0.43242467645668D+00  0.25696810283587D-03 -0.39493624847977D-03 -0.68741312239094D-04
 -0.57554298553226D+01 -0.25564234498170D+01 -0.11940786086794D+01 -0.21322655465176D-03 -0.85449069598829D-04 -0.26435664103811D-03
  0.22098255794256D+00 -0.32790126646678D+00  0.42665351016959D+01 -0.21433153141633D-03  0.53010251785601D-03  0.40109321471945D-04
  0.46295253487243D+01 -0.10291795955850D+01  0.27953342124851D+01  0.30649968079023D-03  0.52298134570084D-03 -0.66761522250075D-04
  0.17221534739096D+01 -0.75694035947017D+00 -0.49116545159804D+01 -0.32953923776671D-03 -0.17896044467897D-04  0.86100402069195D-05
 -0.26798497923861D+01  0.16753804191122D-01 -0.32988611949531D+01  0.47220371083451D-05 -0.25855189026798D-03 -0.26549032830258D-03
 -0.28795002768580D+01  0.27618642548471D+01  0.41595410196740D+01 -0.21619104882442D-03  0.20921002095843D-03  0.23818037179478D-03
 -0.72979083153200D+01  0.31021818401708D+01  0.60320911186907D+01 -0.47922097616697D-03 -0.49780165338454D-04 -0.39794277070425D-03
 -0.87694065842872D+01  0.98572168979406D+01  0.51770702180249D+01 -0.15968755082367D-03 -0.67452171876375D-04 -0.29354789170006D-04
 -0.73467269771351D+01  0.94369308168430D+01  0.27166371534069D+01  0.72272679725462D-04 -0.45090311984201D-04  0.10035262654796D-03
 -0.46340439824774D+01  0.84981368769094D+01  0.30370740983579D+01  0.12771977158575D-03  0.12864754938001D-03  0.14222482126687D-03
 -0.33718299476709D+01  0.84483716176754D+01  0.43713627296670D+00  0.19221903436102D-03 -0.77156994681509D-04  0.17709763624404D-03
 -0.56967312781756D+00  0.77562813044297D+01  0.61278264400747D+00  0.19016658226792D-03 -0.71509901391682D-04  0.23245693975391D-03
  0.71420983253681D+00  0.71660787501506D+01 -0.18622021560086D+01 -0.16294530602805D-05  0.14168270113561D-03  0.81246751131861D-04
 -0.13451854277495D+00  0.81608644380776D+01 -0.41591625978664D+01  0.14227064125977D-03 -0.57144244652174D-04 -0.58752407106495D-04
  0.10969941294505D+01  0.75915179372893D+01 -0.64272337102176D+01  0.19565422245990D-04 -0.19410948101584D-03 -0.91314512765799D-04
  0.31313660014977D+01  0.58913203271288D+01 -0.65132773368623D+01 -0.17746686356917D-03 -0.42554388017306D-03 -0.20189793985222D-03
  0.42224680621027D+01  0.52383628618751D+01 -0.89872742337181D+01 -0.26317547808378D-03 -0.51934080658083D-04 -0.33969017146220D-03
  0.42198797527853D+01  0.27102564609070D+01 -0.97986608572922D+01  0.76705398920016D-04 -0.16082011736974D-03 -0.75638705958771D-05
  0.53999300508359D+01  0.19349911444408D+01 -0.12034260389274D+02 -0.20672524590093D-04  0.15975774592556D-03 -0.17142101635065D-03
  0.67684534638504D+01  0.35775172269119D+01 -0.13582506056020D+02  0.10001649804508D-04  0.15277330342742D-03 -0.15173561014833D-03
  0.84301795853616D+01  0.26898028210861D+01 -0.15528975102842D+02  0.58457835867547D-04 -0.93424033643598D-04  0.99753646888419D-06
  0.97413811595381D+01  0.18630002085199D+01 -0.17080760808788D+02 -0.41909700220908D-04 -0.15308347467520D-03 -0.52241646086432D-04
  0.69171946110154D+01  0.60401484142946D+01 -0.12643801691678D+02  0.66134256027824D-04  0.90897525910672D-04  0.23736661526035D-05
  0.56694288369977D+01  0.68946146533999D+01 -0.10474825171004D+02  0.76731752752713D-04 -0.46138801056852D-06  0.44558452956496D-04
  0.39144093522896D+01  0.47664066618240D+01 -0.42421442627251D+01 -0.21037142062989D-05  0.11147458071662D-03  0.69320026462184D-05
  0.27123933377330D+01  0.54404640264794D+01 -0.19869797888591D+01 -0.14753451627492D-03 -0.19873656917417D-04 -0.30959041738638D-04
 -0.91659487910521D+01  0.81413152993134D+01  0.62623237226556D+01 -0.49426883509814D-03  0.20852256742089D-03  0.29026625438781D-03
 -0.10523198228112D+02  0.10937643124392D+02  0.49907817469319D+01 -0.21919191900100D-03 -0.56558379207409D-04  0.55564416032791D-03
 -0.76488872552648D+01  0.11012982706610D+02  0.64762933739211D+01 -0.63569313757106D-04 -0.55915428048852D-03  0.33121926149914D-03
 -0.82952311549856D+01  0.79797097188760D+01  0.15904869642914D+01  0.23922777284522D-03 -0.12254286357019D-03  0.59303823828919D-04
 -0.74222211107421D+01  0.11203162575638D+02  0.16367842413552D+01 -0.26450655995578D-03 -0.31907081569478D-04  0.14325049854539D-03
 -0.46172658896297D+01  0.65401335467571D+01  0.37168803515310D+01  0.17564400405784D-04  0.51304513780159D-04 -0.75826186535966D-04
 -0.36033123006620D+01  0.99020235371370D+01  0.41608548319518D+01 -0.10142003002338D-03  0.22865208234722D-03  0.22874829198193D-03
 -0.35518050324154D+01  0.10310376899834D+02 -0.45800625415115D+00 -0.18265628568518D-03  0.13477740802337D-03  0.68312308387099D-03
 -0.43141876913254D+01  0.70717353853120D+01 -0.79476400005809D+00  0.29635462958028D-03 -0.15540788357186D-03  0.18459673271352D-03
 -0.41251196690053D+00  0.59740329353767D+01  0.16615341929581D+01  0.70624125989469D-03 -0.25295767069722D-03 -0.14453255956706D-03
  0.55639003547261D+00  0.91532289281564D+01  0.16527329742765D+01  0.13627108120663D-03  0.32909868461878D-03 -0.23963783240954D-03
 -0.16396870190382D+01  0.95562614174717D+01 -0.42718781536592D+01  0.17916433722524D-03 -0.50549218756760D-05  0.88702270286275D-04
  0.54718029609392D+00  0.84736404731458D+01 -0.82015769864655D+01 -0.96796979401820D-04 -0.55255711287251D-04  0.13264608109336D-04
  0.35209890339937D+01  0.12970280081114D+01 -0.84760536416656D+01 -0.25079709233066D-03 -0.23416929226219D-04 -0.31824222820113D-04
  0.54950352072034D+01 -0.67132591197490D-01 -0.12495646241540D+02  0.26437675509210D-03  0.31321368035051D-03 -0.80102020146225D-03
  0.79605381155980D+01  0.74422114094925D+01 -0.13728276383299D+02  0.21771720052624D-04 -0.28201252193587D-04 -0.19533604923307D-03
  0.60486004823627D+01  0.88760784349937D+01 -0.10068698347279D+02  0.20085297540302D-04  0.15245353183085D-03 -0.62448033146434D-03
  0.52367291289034D+01  0.31931172879736D+01 -0.43121819114237D+01 -0.47049781500771D-03 -0.28345563659523D-03 -0.77802911472988D-04
  0.33761243208763D+01  0.45898318225393D+01 -0.23733514895998D+00 -0.19843392656258D-03 -0.55966972047444D-03 -0.26993748551817D-03
  0.71483970683139D+01 -0.14242892162722D+01  0.14487790775084D+02 -0.26585785005595D-03 -0.41663845828646D-04  0.40322417320140D-04
  0.57153773566040D+01 -0.92513085169012D+00  0.12048183607064D+02 -0.19830778034608D-03  0.19476086804712D-03  0.48504744955146D-04
  0.60865277166187D+01 -0.30455388626652D+01  0.10122366359247D+02 -0.70436580831764D-04  0.17081807483681D-03  0.99301235680284D-04
  0.38133647848623D+01 -0.33084615026502D+01  0.83563127486275D+01 -0.11646369083389D-03  0.11394638327815D-03  0.16689537904762D-03
  0.27868412703845D+01 -0.59734335551334D+01  0.79023391556585D+01  0.82318016062935D-04  0.99016576812645D-04 -0.20298509976094D-03
  0.23483312182691D+00 -0.62099670844065D+01  0.66559176605122D+01  0.14709568376414D-04  0.62196384525409D-04 -0.58018428463069D-04
 -0.18337770551605D+01 -0.45988950135616D+01  0.69894726560832D+01  0.10277291999410D-03  0.16946505246822D-03 -0.28736546808235D-04
 -0.41258644585130D+01 -0.50671849114731D+01  0.57598509766405D+01  0.15744540615400D-04  0.34917029543964D-04  0.18354162366594D-03
 -0.43700192375733D+01 -0.70699093730021D+01  0.40375816169289D+01 -0.14234875727552D-03  0.15512111809673D-03  0.65534701236389D-04
 -0.65874802188758D+01 -0.75569664897563D+01  0.24303600865193D+01 -0.28029268595259D-04 -0.67180249760303D-04 -0.25734332408180D-04
 -0.63933491892874D+01 -0.82885889099976D+01 -0.11457895194019D+00  0.39640824594095D-03  0.33069897893124D-03 -0.11054806552891D-03
 -0.86068078996933D+01 -0.85111607022312D+01 -0.15437492990304D+01  0.19050526388458D-03 -0.12980774052444D-03  0.27424368574550D-03
 -0.11008966031414D+02 -0.83488659251360D+01 -0.46156822433706D+00  0.71621835934632D-04 -0.31249514677465D-03  0.39709516326290D-04
 -0.13109850265535D+02 -0.83741891511783D+01 -0.21714679258365D+01  0.36214964640464D-03 -0.29282318855744D-03 -0.32013196622927D-03
 -0.14725994328985D+02 -0.85549100510711D+01 -0.36433055606686D+01  0.25549398307395D-03  0.49972740650183D-04 -0.24699496903600D-03
 -0.11185321408619D+02 -0.78643359520559D+01  0.21272485533927D+01  0.19621692395321D-03  0.86809331123185D-04 -0.25107096297700D-04
 -0.89952344838368D+01 -0.74223586799167D+01  0.35413413735942D+01  0.47684635810051D-04  0.51416161357674D-03  0.74500885726941D-04
 -0.22715656612597D+01 -0.86678658479072D+01  0.37553193739893D+01 -0.13875696115981D-03  0.18110109794908D-03 -0.55973569719019D-04
 -0.35551446118296D-02 -0.83055809535916D+01  0.50629270081788D+01 -0.22235200389450D-03 -0.80406746716678D-04  0.16342549736866D-03
  0.64610040287431D+01 -0.31983316876927D+01  0.15299952396409D+02  0.28505194835995D-03 -0.29963920659075D-03 -0.47295305909898D-04
  0.67334788586245D+01  0.27581337632823D-01  0.15901202445439D+02 -0.51091315205859D-03 -0.12520060859028D-03  0.55177811130323D-04
  0.92032340438957D+01 -0.14574958743920D+01  0.14251408381449D+02 -0.21467352025355D-03  0.50983665251177D-03  0.37137636405030D-03
  0.37832008463582D+01 -0.91459351015451D+00  0.12795141328603D+02 -0.18569706218679D-03  0.55369478473009D-04  0.83667945932831D-04
  0.62556318133482D+01  0.86319462544830D+00  0.11152982772670D+02 -0.32391498155506D-03  0.31957434543222D-03  0.22063005043857D-03
  0.63252727866643D+01 -0.48833726165562D+01  0.11050566968613D+02 -0.51770858317327D-03 -0.16277126300186D-03 -0.43291897486056D-03
  0.77615606858330D+01 -0.24624654648469D+01  0.90497620291811D+01 -0.13582939698718D-03  0.90253286834673D-04 -0.47236243062704D-04
  0.42809020202885D+01 -0.23406200368335D+01  0.65827762094691D+01  0.27666807475862D-04 -0.18803842212013D-03  0.38597058069908D-04
  0.21820947890900D+01 -0.23197545357731D+01  0.91700401971121D+01 -0.29238732599047D-03 -0.95615857961917D-04  0.70984114035454D-04
  0.25229693020731D+01 -0.68204424671978D+01  0.97768896907560D+01  0.43519780845829D-03 -0.66272636262501D-03 -0.48883005091964D-03
  0.43276561515227D+01 -0.69583548477508D+01  0.69241776971706D+01  0.46588691056544D-04 -0.55933764083557D-03  0.38709309365738D-03
 -0.19944932258616D+01 -0.31018826158209D+01  0.83889356374503D+01 -0.43621736201197D-03  0.12082284264577D-03 -0.34275700930817D-04
 -0.56873114309123D+01 -0.37715261092887D+01  0.60943298076330D+01  0.83965400643104D-05  0.15990440362133D-03 -0.31838223969520D-03
 -0.44796758116801D+01 -0.82079110195612D+01 -0.86710552194233D+00  0.52288128864917D-03 -0.79872703906438D-03  0.53767780254551D-04
 -0.85343537295072D+01 -0.87625573745848D+01 -0.35838398559147D+01 -0.42169258131800D-03 -0.31267882115445D-03  0.27089983885971D-03
 -0.13041439600052D+02 -0.78561185592216D+01  0.30133571556817D+01  0.29944201625320D-03  0.27477346566660D-03  0.19154154243112D-03
 -0.89297088711845D+01 -0.69050394223964D+01  0.55320684238745D+01 -0.25655966451283D-03 -0.53560554556886D-04  0.23662681586171D-03
 -0.24048161904563D+01 -0.10307228975301D+02  0.25210564327804D+01  0.18302044563307D-03  0.62617931082435D-03 -0.69373430882552D-03
  0.15325046776972D+01 -0.96655959028073D+01  0.49354509406278D+01 -0.20683557065026D-03 -0.59260922745549D-04  0.12443671734169D-03
