           1           2   1.0200309211087619     
           2           3   1.0072304650740531     
           3           4   1.0058280968588926     
           4           5  0.99000844713504987     
           5           6   1.0110674107582216     
           6           7   1.4079677961850208     
           7           8   1.4500754377365492     
           6           9  0.10101968194505560     
           8           9   1.3892728390751077     
           9          10   1.0405965601417664     
          10          11   1.3846248933480805     
          11          12   1.4578415977893604     
          12          13   1.3628117425298498     
          13          14   1.0851154257733948     
          14          15   2.8072388300310567     
          11          16  0.10436731090646327     
          13          16   1.3627724289570844     
          10          17   1.3845726186102263     
          12          17  0.10423835205219953     
          16          17   1.4579072847156977     
           7          18  0.10795824345826135     
           9          18   1.3891276810802784     
           6          19   1.4079091153122318     
           8          19  0.10787714772603886     
          18          19   1.4500802784676647     
           1          20  0.98765151753360336     
           1          21  0.98718594139353866     
           1          22  0.98765627500603925     
           2          23  0.97641556136104513     
           2          24  0.97778356337112948     
           3          25  0.97702966509191036     
           3          26  0.97710885719857721     
           4          27  0.97721379240346051     
           4          28  0.97660023300901233     
           5          29  0.97184223098137223     
           5          30  0.97245732046980160     
           7          31  0.96859260243834855     
           8          32  0.97039527728198405     
          11          33  0.96918136756800621     
          12          34  0.97000124068148286     
          16          35  0.97006868112283573     
          17          36  0.96924442380411024     
          18          37  0.97041420411217749     
          19          38  0.96868566656698474     
          39          40   1.0200016766917965     
          40          41   1.0072378071980626     
          41          42   1.0057611029580718     
          42          43  0.98995773747105198     
          43          44   1.0113440793278636     
          44          45   1.4076834042271082     
          45          46   1.4501008168636462     
          44          47  0.10090288152844992     
          46          47   1.3891016104820741     
          47          48   1.0406063710771603     
          48          49   1.3842754610941039     
          49          50   1.4579941684739541     
          50          51   1.3628724211233103     
          51          52   1.0848004864190883     
          52          53   2.8077853681327753     
          49          54  0.10449140801789787     
          51          54   1.3631437909025386     
          48          55   1.3849481967012318     
          50          55  0.10422122983917298     
          54          55   1.4575072516810643     
          45          56  0.10781478806152110     
          47          56   1.3891568513213555     
          44          57   1.4077417156591394     
          46          57  0.10795623315021680     
          56          57   1.4500682206886337     
          39          58  0.98766107360295008     
          39          59  0.98720505485399090     
          39          60  0.98763004543540422     
          40          61  0.97802782809782585     
          40          62  0.97809475117875355     
          41          63  0.97706472944031397     
          41          64  0.97706719956735799     
          42          65  0.97733406513704579     
          42          66  0.97723870419516723     
          43          67  0.97211460188269438     
          43          68  0.97214396961005323     
          45          69  0.96876339281054225     
          46          70  0.97041241390624233     
          49          71  0.96919182090736622     
          50          72  0.97003530626296020     
          54          73  0.97008093171537357     
          55          74  0.96881496108298348     
          56          75  0.97040596743935958     
          57          76  0.96903453180880372     
          77          78   1.0199884129025287     
          78          79   1.0072441731555457     
          79          80   1.0057850268715489     
          80          81  0.98994135674784778     
          81          82   1.0113270045409219     
          82          83   1.4075849701975611     
          83          84   1.4500241196374746     
          82          85  0.10103504483664312     
          84          85   1.3889990123979847     
          85          86   1.0403730915616116     
          86          87   1.3844776801016536     
          87          88   1.4578476299758032     
          88          89   1.3629389883197782     
          89          90   1.0848140920737235     
          90          91   2.8077990642611490     
          87          92  0.10452298426552944     
          89          92   1.3632352963397407     
          86          93   1.3851059015451559     
          88          93  0.10433946868577854     
          92          93   1.4573496259219174     
          83          94  0.10781744924603695     
          85          94   1.3892783736758971     
          82          95   1.4077839591242580     
          84          95  0.10785672403044447     
          94          95   1.4500170102728018     
          77          96  0.98764666959029634     
          77          97  0.98717522037121430     
          77          98  0.98764670057705961     
          78          99  0.97810773394215644     
          78         100  0.97757912502089916     
          79         101  0.97703978264311953     
          79         102  0.97704950778572075     
          80         103  0.97552109004868159     
          80         104  0.97735321880190140     
          81         105  0.97211106670543357     
          81         106  0.97214629569705469     
          83         107  0.96901813981558671     
          84         108  0.97043780212468900     
          87         109  0.96919611826250796     
          88         110  0.97001880297841359     
          92         111  0.97004763978026987     
          93         112  0.96876118104940101     
          94         113  0.97043585308719482     
          95         114  0.96902290318412310     
